5
0 450 200 400 600 500 900 375 300 225 600 100 1000 200 1200 150
0 1170 150 1 500 375 1 820 520 1 730 240 1 370 80
0 450 1000 450 1000 300 200 300 200 150 1200 150
0 1170 150 1 500 375 1 820 520 1 730 240 1 370 80
0 300 100 100 300 500 500 50 700 550 900 100 1100 500 1200 300
0 1170 300 1 500 375 1 820 520 1 730 240 1 370 80
0 120 600 120 600 360 1000 360 1000 240 200 240 200 480 1200 480
0 1170 480 1 500 375 1 820 520 1 730 240 1 370 80
0 500 450 500 450 150 200 150 200 360 1100 360 1100 560 800 560 800 50 550 50 550 250 1000 250 1200 0
0 1170 250 1 500 375 1 820 520 1 730 240 1 370 80